02/07/2017,"SUN","Evans Justin",71.00,20.00,12.00,8.00,28.17,56.34,6.08,13.00,48.00,7.00,23.00,0.00,0.00,20.00,71.00,13.00,48.00,7.00,23.00,13.00,41.00,8.00,18.00
02/07/2017,"SUN","Fincher Todd W",60.00,15.00,9.00,9.00,25.00,55.00,6.11,13.00,49.00,2.00,11.00,0.00,0.00,15.00,60.00,6.00,30.00,9.00,30.00,9.00,30.00,3.00,11.00
02/07/2017,"SUN","Marr Joel H",61.00,14.00,6.00,9.00,22.95,47.54,9.71,10.00,41.00,4.00,20.00,0.00,0.00,14.00,61.00,10.00,39.00,4.00,22.00,9.00,38.00,4.00,11.00
02/07/2017,"SUN","Hone Bart",56.00,12.00,10.00,15.00,21.43,66.07,8.48,9.00,41.00,3.00,15.00,0.00,0.00,12.00,56.00,9.00,39.00,3.00,17.00,8.00,30.00,0.00,14.00
02/07/2017,"SUN","Hernandez Miguel L",50.00,12.00,6.00,4.00,24.00,44.00,11.23,5.00,26.00,7.00,24.00,0.00,0.00,12.00,50.00,9.00,33.00,3.00,17.00,6.00,28.00,4.00,12.00
02/07/2017,"SUN","Dominguez Henry",81.00,10.00,11.00,19.00,12.35,49.38,12.42,7.00,59.00,3.00,22.00,0.00,0.00,10.00,81.00,8.00,59.00,2.00,22.00,5.00,44.00,1.00,23.00
02/07/2017,"SUN","Cappellucci Dick",34.00,8.00,5.00,6.00,23.53,55.88,7.98,7.00,33.00,1.00,1.00,0.00,0.00,8.00,34.00,7.00,30.00,1.00,4.00,6.00,17.00,2.00,7.00
02/07/2017,"SUN","Green Greg",40.00,6.00,10.00,4.00,15.00,50.00,13.17,5.00,29.00,1.00,11.00,0.00,0.00,6.00,40.00,5.00,27.00,1.00,13.00,4.00,24.00,3.00,12.00
02/07/2017,"SUN","Buechler Simon J",43.00,5.00,5.00,1.00,11.63,25.58,20.92,5.00,35.00,0.00,8.00,0.00,0.00,5.00,43.00,2.00,33.00,3.00,10.00,2.00,25.00,1.00,10.00
02/07/2017,"SUN","Smith Paul A",47.00,3.00,10.00,6.00,6.38,40.43,26.27,3.00,43.00,0.00,4.00,0.00,0.00,3.00,47.00,3.00,45.00,0.00,2.00,3.00,35.00,2.00,14.00
02/07/2017,"SUN","Jamison O D",20.00,3.00,2.00,2.00,15.00,35.00,19.20,3.00,16.00,0.00,4.00,0.00,0.00,3.00,20.00,3.00,17.00,0.00,3.00,1.00,12.00,1.00,5.00
02/07/2017,"SUN","Olguin Ever",14.00,3.00,2.00,0.00,21.43,35.71,57.80,2.00,13.00,1.00,1.00,0.00,0.00,3.00,14.00,3.00,14.00,0.00,0.00,1.00,7.00,0.00,4.00
02/07/2017,"SUN","Gutierrez Taurino",10.00,3.00,0.00,0.00,30.00,30.00,29.47,3.00,10.00,0.00,0.00,0.00,0.00,3.00,10.00,3.00,7.00,0.00,3.00,2.00,8.00,1.00,3.00
02/07/2017,"SUN","Sedillo Tony E",29.00,2.00,3.00,0.00,6.90,17.24,9.30,1.00,26.00,1.00,3.00,0.00,0.00,2.00,29.00,2.00,20.00,0.00,9.00,0.00,12.00,0.00,3.00
02/07/2017,"SUN","Lemons Johnathan",18.00,2.00,0.00,2.00,11.11,22.22,7.90,0.00,7.00,2.00,11.00,0.00,0.00,2.00,18.00,2.00,17.00,0.00,1.00,2.00,10.00,1.00,4.00
02/07/2017,"SUN","Rust Blake",16.00,2.00,1.00,2.00,12.50,31.25,13.70,1.00,8.00,1.00,8.00,0.00,0.00,2.00,16.00,2.00,15.00,0.00,1.00,1.00,10.00,1.00,3.00
02/07/2017,"SUN","Marr Gerald E",16.00,2.00,2.00,4.00,12.50,50.00,15.20,0.00,6.00,2.00,10.00,0.00,0.00,2.00,16.00,0.00,11.00,2.00,5.00,1.00,9.00,0.00,3.00
02/07/2017,"SUN","Martin Weston",15.00,2.00,2.00,1.00,13.33,33.33,3.10,2.00,10.00,0.00,5.00,0.00,0.00,2.00,15.00,1.00,8.00,1.00,7.00,1.00,6.00,0.00,2.00
02/07/2017,"SUN","Barber Michael K",10.00,2.00,3.00,2.00,20.00,70.00,3.70,2.00,8.00,0.00,2.00,0.00,0.00,2.00,10.00,2.00,9.00,0.00,1.00,0.00,6.00,0.00,3.00
02/07/2017,"SUN","Marlin Joy",10.00,2.00,0.00,0.00,20.00,20.00,10.80,2.00,5.00,0.00,5.00,0.00,0.00,2.00,10.00,2.00,9.00,0.00,1.00,1.00,6.00,0.00,2.00
02/07/2017,"SUN","Ashford H Ray Jr",26.00,1.00,5.00,7.00,3.85,50.00,15.20,0.00,14.00,1.00,12.00,0.00,0.00,1.00,26.00,1.00,24.00,0.00,2.00,1.00,14.00,1.00,7.00
02/07/2017,"SUN","Cross Gary",24.00,1.00,5.00,2.00,4.17,33.33,35.00,0.00,10.00,1.00,14.00,0.00,0.00,1.00,24.00,1.00,19.00,0.00,5.00,0.00,14.00,0.00,6.00
02/07/2017,"SUN","Young Don A",21.00,1.00,1.00,1.00,4.76,14.29,37.40,1.00,18.00,0.00,3.00,0.00,0.00,1.00,21.00,0.00,18.00,1.00,3.00,1.00,16.00,0.00,9.00
02/07/2017,"SUN","Amestoy Ross A",17.00,1.00,3.00,5.00,5.88,52.94,10.20,1.00,16.00,0.00,1.00,0.00,0.00,1.00,17.00,1.00,12.00,0.00,5.00,0.00,9.00,0.00,2.00
02/07/2017,"SUN","Lambert Casey T",15.00,1.00,2.00,2.00,6.67,33.33,17.40,1.00,7.00,0.00,8.00,0.00,0.00,1.00,15.00,0.00,11.00,1.00,4.00,0.00,8.00,0.00,1.00
02/07/2017,"SUN","Summers Nancy",14.00,1.00,4.00,3.00,7.14,57.14,14.80,1.00,9.00,0.00,5.00,0.00,0.00,1.00,14.00,1.00,7.00,0.00,7.00,0.00,8.00,0.00,3.00
02/07/2017,"SUN","Welch J Michael",9.00,1.00,0.00,1.00,11.11,22.22,63.60,1.00,9.00,0.00,0.00,0.00,0.00,1.00,9.00,1.00,8.00,0.00,1.00,0.00,6.00,0.00,3.00
02/07/2017,"SUN","Collier Jimmie C",7.00,1.00,2.00,0.00,14.29,42.86,3.60,1.00,6.00,0.00,1.00,0.00,0.00,1.00,7.00,1.00,7.00,0.00,0.00,1.00,4.00,1.00,3.00
02/07/2017,"SUN","Barton Dallas J",6.00,1.00,0.00,0.00,16.67,16.67,5.20,1.00,5.00,0.00,1.00,0.00,0.00,1.00,6.00,1.00,5.00,0.00,1.00,0.00,3.00,0.00,2.00
02/07/2017,"SUN","Moreno Tomas D",5.00,1.00,0.00,0.00,20.00,20.00,122.20,1.00,5.00,0.00,0.00,0.00,0.00,1.00,5.00,1.00,5.00,0.00,0.00,1.00,4.00,0.00,2.00
02/07/2017,"SUN","Silva Miguel Angel",1.00,1.00,0.00,0.00,100.00,100.00,12.20,1.00,1.00,0.00,0.00,0.00,0.00,1.00,1.00,1.00,1.00,0.00,0.00,1.00,1.00,1.00,1.00
02/07/2017,"SUN","Marcom Roy L Jr",25.00,0.00,2.00,3.00,.00,20.00,.00,0.00,16.00,0.00,9.00,0.00,0.00,0.00,25.00,0.00,21.00,0.00,4.00,0.00,15.00,0.00,8.00
02/07/2017,"SUN","Lambert Clifford C",18.00,0.00,1.00,3.00,.00,22.22,.00,0.00,18.00,0.00,0.00,0.00,0.00,0.00,18.00,0.00,17.00,0.00,1.00,0.00,12.00,0.00,5.00
02/07/2017,"SUN","Thompson Edward J",13.00,0.00,0.00,1.00,.00,7.69,.00,0.00,10.00,0.00,3.00,0.00,0.00,0.00,13.00,0.00,13.00,0.00,0.00,0.00,6.00,0.00,3.00
02/07/2017,"SUN","Galvan Jose L",8.00,0.00,0.00,1.00,.00,12.50,.00,0.00,7.00,0.00,1.00,0.00,0.00,0.00,8.00,0.00,8.00,0.00,0.00,0.00,5.00,0.00,1.00
02/07/2017,"SUN","Gama Gabriel",7.00,0.00,0.00,0.00,.00,.00,.00,0.00,7.00,0.00,0.00,0.00,0.00,0.00,7.00,0.00,7.00,0.00,0.00,0.00,6.00,0.00,3.00
02/07/2017,"SUN","Fuentes Jaime",7.00,0.00,0.00,0.00,.00,.00,.00,0.00,2.00,0.00,5.00,0.00,0.00,0.00,7.00,0.00,3.00,0.00,4.00,0.00,3.00,0.00,0.00
02/07/2017,"SUN","Ramirez Estevan",6.00,0.00,0.00,1.00,.00,16.67,.00,0.00,4.00,0.00,2.00,0.00,0.00,0.00,6.00,0.00,6.00,0.00,0.00,0.00,3.00,0.00,2.00
02/07/2017,"SUN","Velazquez Fernando",6.00,0.00,0.00,0.00,.00,.00,.00,0.00,6.00,0.00,0.00,0.00,0.00,0.00,6.00,0.00,6.00,0.00,0.00,0.00,3.00,0.00,1.00
02/07/2017,"SUN","Durbin Kenneth",5.00,0.00,0.00,0.00,.00,.00,.00,0.00,1.00,0.00,4.00,0.00,0.00,0.00,5.00,0.00,4.00,0.00,1.00,0.00,4.00,0.00,2.00
02/07/2017,"SUN","Silva Lillian N",5.00,0.00,0.00,1.00,.00,20.00,.00,0.00,4.00,0.00,1.00,0.00,0.00,0.00,5.00,0.00,5.00,0.00,0.00,0.00,3.00,0.00,2.00
02/07/2017,"SUN","Aldavaz Jaime G Sr",4.00,0.00,0.00,1.00,.00,25.00,.00,0.00,4.00,0.00,0.00,0.00,0.00,0.00,4.00,0.00,4.00,0.00,0.00,0.00,4.00,0.00,1.00
02/07/2017,"SUN","Leyba Ruben",4.00,0.00,1.00,0.00,.00,25.00,.00,0.00,2.00,0.00,2.00,0.00,0.00,0.00,4.00,0.00,4.00,0.00,0.00,0.00,2.00,0.00,1.00
02/07/2017,"SUN","Black Ralph W Jr",3.00,0.00,0.00,0.00,.00,.00,.00,0.00,3.00,0.00,0.00,0.00,0.00,0.00,3.00,0.00,2.00,0.00,1.00,0.00,3.00,0.00,2.00
02/07/2017,"SUN","Valles Rodolfo G",3.00,0.00,1.00,0.00,.00,33.33,.00,0.00,3.00,0.00,0.00,0.00,0.00,0.00,3.00,0.00,3.00,0.00,0.00,0.00,3.00,0.00,1.00
02/07/2017,"SUN","Chavez Arturo",0.00,0.00,0.00,0.00,.00,.00,.00,0.00,0.00,0.00,0.00,0.00,0.00,0.00,0.00,0.00,0.00,0.00,0.00,0.00,0.00,0.00,0.00
