02/07/2017,"HOU","Asmussen Steven M",25.00,11.00,4.00,3.00,44.00,72.00,5.07,6.00,16.00,5.00,9.00,2.00,5.00,9.00,20.00,7.00,15.00,4.00,10.00,11.00,25.00,9.00,17.00
02/07/2017,"HOU","Willis Mindy",26.00,9.00,3.00,2.00,34.62,53.85,9.11,6.00,12.00,3.00,14.00,3.00,14.00,6.00,12.00,7.00,22.00,2.00,4.00,9.00,26.00,7.00,16.00
02/07/2017,"HOU","Calhoun William Bret",13.00,4.00,0.00,2.00,30.77,46.15,3.15,2.00,7.00,2.00,6.00,1.00,3.00,3.00,10.00,2.00,8.00,2.00,5.00,4.00,13.00,4.00,12.00
02/07/2017,"HOU","Broberg Karl",29.00,2.00,2.00,7.00,6.90,37.93,3.00,1.00,18.00,1.00,11.00,1.00,9.00,1.00,20.00,2.00,28.00,0.00,1.00,2.00,29.00,1.00,16.00
02/07/2017,"HOU","Bryant George",25.00,2.00,6.00,4.00,8.00,48.00,5.80,0.00,18.00,2.00,7.00,0.00,7.00,2.00,18.00,2.00,17.00,0.00,8.00,2.00,25.00,1.00,11.00
02/07/2017,"HOU","Chacaltana Domingo",22.00,2.00,2.00,3.00,9.09,31.82,9.60,2.00,15.00,0.00,7.00,0.00,4.00,2.00,18.00,2.00,21.00,0.00,1.00,2.00,22.00,1.00,12.00
02/07/2017,"HOU","Young Bob",18.00,2.00,4.00,4.00,11.11,55.56,22.30,2.00,13.00,0.00,5.00,0.00,3.00,2.00,15.00,2.00,14.00,0.00,4.00,2.00,18.00,1.00,10.00
02/07/2017,"HOU","Offolter Joe S",15.00,2.00,1.00,4.00,13.33,46.67,4.50,1.00,10.00,1.00,5.00,0.00,5.00,2.00,10.00,2.00,13.00,0.00,2.00,2.00,15.00,0.00,6.00
02/07/2017,"HOU","Stuart Clinton C",13.00,2.00,1.00,1.00,15.38,30.77,13.50,2.00,6.00,0.00,7.00,2.00,10.00,0.00,3.00,1.00,8.00,1.00,5.00,2.00,13.00,0.00,9.00
02/07/2017,"HOU","Pearson Paul M",6.00,2.00,0.00,0.00,33.33,33.33,4.50,1.00,3.00,1.00,3.00,1.00,3.00,1.00,3.00,1.00,3.00,1.00,3.00,2.00,6.00,0.00,2.00
02/07/2017,"HOU","Castellanos Jaime",5.00,2.00,0.00,1.00,40.00,60.00,9.00,2.00,3.00,0.00,2.00,0.00,1.00,2.00,4.00,2.00,5.00,0.00,0.00,2.00,5.00,1.00,3.00
02/07/2017,"HOU","Davidson M Brent",31.00,1.00,4.00,5.00,3.23,32.26,8.00,0.00,18.00,1.00,13.00,0.00,12.00,1.00,19.00,1.00,24.00,0.00,7.00,1.00,31.00,1.00,16.00
02/07/2017,"HOU","Short Thomas",17.00,1.00,0.00,2.00,5.88,17.65,5.00,1.00,14.00,0.00,3.00,0.00,6.00,1.00,11.00,1.00,14.00,0.00,3.00,1.00,17.00,0.00,7.00
02/07/2017,"HOU","Hibdon Mark N",16.00,1.00,1.00,2.00,6.25,25.00,14.40,1.00,11.00,0.00,5.00,0.00,6.00,1.00,10.00,1.00,16.00,0.00,0.00,1.00,16.00,0.00,9.00
02/07/2017,"HOU","Dupuy Allen",10.00,1.00,1.00,2.00,10.00,40.00,5.60,0.00,3.00,1.00,7.00,0.00,1.00,1.00,9.00,1.00,9.00,0.00,1.00,1.00,10.00,0.00,4.00
02/07/2017,"HOU","Eoff Terry",9.00,1.00,0.00,1.00,11.11,22.22,7.40,1.00,3.00,0.00,6.00,0.00,6.00,1.00,3.00,1.00,6.00,0.00,3.00,1.00,9.00,0.00,6.00
02/07/2017,"HOU","Gustafson Austin",8.00,1.00,1.00,1.00,12.50,37.50,9.80,1.00,7.00,0.00,1.00,1.00,1.00,0.00,7.00,1.00,7.00,0.00,1.00,1.00,8.00,0.00,2.00
02/07/2017,"HOU","Keen Dallas E",7.00,1.00,0.00,2.00,14.29,42.86,7.20,1.00,4.00,0.00,3.00,1.00,4.00,0.00,3.00,1.00,4.00,0.00,3.00,1.00,7.00,1.00,6.00
02/07/2017,"HOU","Rodriguez-Torres Jose",6.00,1.00,1.00,0.00,16.67,33.33,13.00,0.00,3.00,1.00,3.00,1.00,1.00,0.00,5.00,1.00,6.00,0.00,0.00,1.00,6.00,1.00,2.00
02/07/2017,"HOU","Pickard Robert J",5.00,1.00,0.00,1.00,20.00,40.00,27.60,1.00,4.00,0.00,1.00,0.00,2.00,1.00,3.00,1.00,5.00,0.00,0.00,1.00,5.00,0.00,1.00
02/07/2017,"HOU","Schneider Eric W",5.00,1.00,0.00,2.00,20.00,60.00,29.00,1.00,3.00,0.00,2.00,0.00,2.00,1.00,3.00,1.00,5.00,0.00,0.00,1.00,5.00,0.00,2.00
02/07/2017,"HOU","Eliott Roger",3.00,1.00,0.00,0.00,33.33,33.33,11.00,1.00,3.00,0.00,0.00,0.00,0.00,1.00,3.00,1.00,3.00,0.00,0.00,1.00,3.00,0.00,1.00
02/07/2017,"HOU","Garza Benjamin",1.00,1.00,0.00,0.00,100.00,100.00,3.40,1.00,1.00,0.00,0.00,0.00,0.00,1.00,1.00,0.00,0.00,1.00,1.00,1.00,1.00,0.00,0.00
02/07/2017,"HOU","Fullerton Kris",1.00,1.00,0.00,0.00,100.00,100.00,24.00,1.00,1.00,0.00,0.00,0.00,0.00,1.00,1.00,1.00,1.00,0.00,0.00,1.00,1.00,0.00,0.00
02/07/2017,"HOU","Gonzalez Isai V",30.00,0.00,3.00,5.00,.00,26.67,.00,0.00,20.00,0.00,10.00,0.00,3.00,0.00,27.00,0.00,25.00,0.00,5.00,0.00,30.00,0.00,15.00
02/07/2017,"HOU","Lafleur Renee",8.00,0.00,1.00,1.00,.00,25.00,.00,0.00,8.00,0.00,0.00,0.00,0.00,0.00,8.00,0.00,4.00,0.00,4.00,0.00,8.00,0.00,4.00
02/07/2017,"HOU","Smith Dewey P",7.00,0.00,3.00,0.00,.00,42.86,.00,0.00,3.00,0.00,4.00,0.00,3.00,0.00,4.00,0.00,4.00,0.00,3.00,0.00,7.00,0.00,6.00
02/07/2017,"HOU","Hatcher Nathan D",7.00,0.00,0.00,1.00,.00,14.29,.00,0.00,2.00,0.00,5.00,0.00,2.00,0.00,5.00,0.00,5.00,0.00,2.00,0.00,7.00,0.00,3.00
02/07/2017,"HOU","Milligan Allen",6.00,0.00,1.00,1.00,.00,33.33,.00,0.00,3.00,0.00,3.00,0.00,2.00,0.00,4.00,0.00,5.00,0.00,1.00,0.00,6.00,0.00,3.00
02/07/2017,"HOU","Martinez Jose M",6.00,0.00,0.00,2.00,.00,33.33,.00,0.00,3.00,0.00,3.00,0.00,2.00,0.00,4.00,0.00,6.00,0.00,0.00,0.00,6.00,0.00,3.00
02/07/2017,"HOU","Wiggins Lon",5.00,0.00,2.00,0.00,.00,40.00,.00,0.00,3.00,0.00,2.00,0.00,1.00,0.00,4.00,0.00,3.00,0.00,2.00,0.00,5.00,0.00,2.00
02/07/2017,"HOU","Jones Dedrick",5.00,0.00,0.00,0.00,.00,.00,.00,0.00,5.00,0.00,0.00,0.00,0.00,0.00,5.00,0.00,5.00,0.00,0.00,0.00,5.00,0.00,2.00
02/07/2017,"HOU","Meaux Jason H",4.00,0.00,0.00,0.00,.00,.00,.00,0.00,1.00,0.00,3.00,0.00,3.00,0.00,1.00,0.00,4.00,0.00,0.00,0.00,4.00,0.00,3.00
02/07/2017,"HOU","Deleon Rita",4.00,0.00,0.00,0.00,.00,.00,.00,0.00,4.00,0.00,0.00,0.00,0.00,0.00,4.00,0.00,2.00,0.00,2.00,0.00,4.00,0.00,0.00
02/07/2017,"HOU","Roberts Joe B",4.00,0.00,1.00,0.00,.00,25.00,.00,0.00,1.00,0.00,3.00,0.00,1.00,0.00,3.00,0.00,4.00,0.00,0.00,0.00,4.00,0.00,2.00
02/07/2017,"HOU","Marshall Kenneth W",4.00,0.00,0.00,1.00,.00,25.00,.00,0.00,3.00,0.00,1.00,0.00,2.00,0.00,2.00,0.00,3.00,0.00,1.00,0.00,4.00,0.00,2.00
02/07/2017,"HOU","McGill Barry H",3.00,0.00,0.00,0.00,.00,.00,.00,0.00,3.00,0.00,0.00,0.00,0.00,0.00,3.00,0.00,3.00,0.00,0.00,0.00,3.00,0.00,3.00
02/07/2017,"HOU","Martinez Juan A",3.00,0.00,0.00,0.00,.00,.00,.00,0.00,3.00,0.00,0.00,0.00,0.00,0.00,3.00,0.00,2.00,0.00,1.00,0.00,3.00,0.00,0.00
02/07/2017,"HOU","Bravenec Darrell",3.00,0.00,1.00,1.00,.00,66.67,.00,0.00,3.00,0.00,0.00,0.00,1.00,0.00,2.00,0.00,3.00,0.00,0.00,0.00,3.00,0.00,1.00
02/07/2017,"HOU","Ervin Jody",3.00,0.00,1.00,0.00,.00,33.33,.00,0.00,2.00,0.00,1.00,0.00,2.00,0.00,1.00,0.00,3.00,0.00,0.00,0.00,3.00,0.00,2.00
02/07/2017,"HOU","Johnston Johnny",3.00,0.00,1.00,0.00,.00,33.33,.00,0.00,2.00,0.00,1.00,0.00,1.00,0.00,2.00,0.00,3.00,0.00,0.00,0.00,3.00,0.00,1.00
02/07/2017,"HOU","Elmegreen David",2.00,0.00,0.00,0.00,.00,.00,.00,0.00,1.00,0.00,1.00,0.00,1.00,0.00,1.00,0.00,1.00,0.00,1.00,0.00,2.00,0.00,2.00
02/07/2017,"HOU","Brooks Jeffery C",2.00,0.00,0.00,0.00,.00,.00,.00,0.00,2.00,0.00,0.00,0.00,0.00,0.00,2.00,0.00,2.00,0.00,0.00,0.00,2.00,0.00,0.00
02/07/2017,"HOU","Duhon Paul",2.00,0.00,0.00,1.00,.00,50.00,.00,0.00,0.00,0.00,2.00,0.00,1.00,0.00,1.00,0.00,2.00,0.00,0.00,0.00,2.00,0.00,2.00
02/07/2017,"HOU","Helzer James E",2.00,0.00,0.00,0.00,.00,.00,.00,0.00,2.00,0.00,0.00,0.00,1.00,0.00,1.00,0.00,2.00,0.00,0.00,0.00,2.00,0.00,1.00
02/07/2017,"HOU","Jerman Jerry",1.00,0.00,0.00,0.00,.00,.00,.00,0.00,1.00,0.00,0.00,0.00,0.00,0.00,1.00,0.00,1.00,0.00,0.00,0.00,1.00,0.00,0.00
02/07/2017,"HOU","Vaughn James Jr",1.00,0.00,1.00,0.00,.00,100.00,.00,0.00,1.00,0.00,0.00,0.00,0.00,0.00,1.00,0.00,1.00,0.00,0.00,0.00,1.00,0.00,0.00
02/07/2017,"HOU","Uriegas Henry E",1.00,0.00,1.00,0.00,.00,100.00,.00,0.00,0.00,0.00,1.00,0.00,0.00,0.00,1.00,0.00,1.00,0.00,0.00,0.00,1.00,0.00,0.00
02/07/2017,"HOU","Grisham Christie",1.00,0.00,0.00,0.00,.00,.00,.00,0.00,0.00,0.00,1.00,0.00,0.00,0.00,1.00,0.00,1.00,0.00,0.00,0.00,1.00,0.00,1.00
02/07/2017,"HOU","Johnson Leonard",1.00,0.00,0.00,0.00,.00,.00,.00,0.00,1.00,0.00,0.00,0.00,0.00,0.00,1.00,0.00,1.00,0.00,0.00,0.00,1.00,0.00,0.00
02/07/2017,"HOU","Urbina Ruperto R",0.00,0.00,0.00,0.00,.00,.00,.00,0.00,0.00,0.00,0.00,0.00,0.00,0.00,0.00,0.00,0.00,0.00,0.00,0.00,0.00,0.00,0.00
02/07/2017,"HOU","Spann Lori",0.00,0.00,0.00,0.00,.00,.00,.00,0.00,0.00,0.00,0.00,0.00,0.00,0.00,0.00,0.00,0.00,0.00,0.00,0.00,0.00,0.00,0.00
