02/07/2017,"LAD","Garcia J C",0.00,0.00,0.00,0.00,.00,.00,.00,0.00,0.00,0.00,0.00,0.00,0.00,0.00,0.00,0.00,0.00,0.00,0.00,0.00,0.00,0.00,0.00
02/07/2017,"LAD","Guillen E",0.00,0.00,0.00,0.00,.00,.00,.00,0.00,0.00,0.00,0.00,0.00,0.00,0.00,0.00,0.00,0.00,0.00,0.00,0.00,0.00,0.00,0.00
02/07/2017,"LAD","Watson D",0.00,0.00,0.00,0.00,.00,.00,.00,0.00,0.00,0.00,0.00,0.00,0.00,0.00,0.00,0.00,0.00,0.00,0.00,0.00,0.00,0.00,0.00
02/07/2017,"LAD","Rodriguez E",0.00,0.00,0.00,0.00,.00,.00,.00,0.00,0.00,0.00,0.00,0.00,0.00,0.00,0.00,0.00,0.00,0.00,0.00,0.00,0.00,0.00,0.00
02/07/2017,"LAD","Alvarez D A",0.00,0.00,0.00,0.00,.00,.00,.00,0.00,0.00,0.00,0.00,0.00,0.00,0.00,0.00,0.00,0.00,0.00,0.00,0.00,0.00,0.00,0.00
02/07/2017,"LAD","Chavez R",0.00,0.00,0.00,0.00,.00,.00,.00,0.00,0.00,0.00,0.00,0.00,0.00,0.00,0.00,0.00,0.00,0.00,0.00,0.00,0.00,0.00,0.00
02/07/2017,"LAD","Guerrero L A",0.00,0.00,0.00,0.00,.00,.00,.00,0.00,0.00,0.00,0.00,0.00,0.00,0.00,0.00,0.00,0.00,0.00,0.00,0.00,0.00,0.00,0.00
02/07/2017,"LAD","Gutierrez R",0.00,0.00,0.00,0.00,.00,.00,.00,0.00,0.00,0.00,0.00,0.00,0.00,0.00,0.00,0.00,0.00,0.00,0.00,0.00,0.00,0.00,0.00
02/07/2017,"LAD","Zuniga A L",0.00,0.00,0.00,0.00,.00,.00,.00,0.00,0.00,0.00,0.00,0.00,0.00,0.00,0.00,0.00,0.00,0.00,0.00,0.00,0.00,0.00,0.00
02/07/2017,"LAD","Blake D",0.00,0.00,0.00,0.00,.00,.00,.00,0.00,0.00,0.00,0.00,0.00,0.00,0.00,0.00,0.00,0.00,0.00,0.00,0.00,0.00,0.00,0.00
02/07/2017,"LAD","Ramirez J R",0.00,0.00,0.00,0.00,.00,.00,.00,0.00,0.00,0.00,0.00,0.00,0.00,0.00,0.00,0.00,0.00,0.00,0.00,0.00,0.00,0.00,0.00
02/07/2017,"LAD","Mendez S",0.00,0.00,0.00,0.00,.00,.00,.00,0.00,0.00,0.00,0.00,0.00,0.00,0.00,0.00,0.00,0.00,0.00,0.00,0.00,0.00,0.00,0.00
02/07/2017,"LAD","Rodriguez J A",0.00,0.00,0.00,0.00,.00,.00,.00,0.00,0.00,0.00,0.00,0.00,0.00,0.00,0.00,0.00,0.00,0.00,0.00,0.00,0.00,0.00,0.00
02/07/2017,"LAD","Ortiz G",0.00,0.00,0.00,0.00,.00,.00,.00,0.00,0.00,0.00,0.00,0.00,0.00,0.00,0.00,0.00,0.00,0.00,0.00,0.00,0.00,0.00,0.00
02/07/2017,"LAD","Baca E",0.00,0.00,0.00,0.00,.00,.00,.00,0.00,0.00,0.00,0.00,0.00,0.00,0.00,0.00,0.00,0.00,0.00,0.00,0.00,0.00,0.00,0.00
02/07/2017,"LAD","Constantin L",0.00,0.00,0.00,0.00,.00,.00,.00,0.00,0.00,0.00,0.00,0.00,0.00,0.00,0.00,0.00,0.00,0.00,0.00,0.00,0.00,0.00,0.00
02/07/2017,"LAD","Martinez D I",0.00,0.00,0.00,0.00,.00,.00,.00,0.00,0.00,0.00,0.00,0.00,0.00,0.00,0.00,0.00,0.00,0.00,0.00,0.00,0.00,0.00,0.00
02/07/2017,"LAD","Ebow W J",0.00,0.00,0.00,0.00,.00,.00,.00,0.00,0.00,0.00,0.00,0.00,0.00,0.00,0.00,0.00,0.00,0.00,0.00,0.00,0.00,0.00,0.00
02/07/2017,"LAD","Sandoval J",0.00,0.00,0.00,0.00,.00,.00,.00,0.00,0.00,0.00,0.00,0.00,0.00,0.00,0.00,0.00,0.00,0.00,0.00,0.00,0.00,0.00,0.00
02/07/2017,"LAD","Guynes D J",0.00,0.00,0.00,0.00,.00,.00,.00,0.00,0.00,0.00,0.00,0.00,0.00,0.00,0.00,0.00,0.00,0.00,0.00,0.00,0.00,0.00,0.00
02/07/2017,"LAD","Lujan A",0.00,0.00,0.00,0.00,.00,.00,.00,0.00,0.00,0.00,0.00,0.00,0.00,0.00,0.00,0.00,0.00,0.00,0.00,0.00,0.00,0.00,0.00
02/07/2017,"LAD","Hernandez R Jr",0.00,0.00,0.00,0.00,.00,.00,.00,0.00,0.00,0.00,0.00,0.00,0.00,0.00,0.00,0.00,0.00,0.00,0.00,0.00,0.00,0.00,0.00
02/07/2017,"LAD","Bobroff J",0.00,0.00,0.00,0.00,.00,.00,.00,0.00,0.00,0.00,0.00,0.00,0.00,0.00,0.00,0.00,0.00,0.00,0.00,0.00,0.00,0.00,0.00
02/07/2017,"LAD","Castaneda N",0.00,0.00,0.00,0.00,.00,.00,.00,0.00,0.00,0.00,0.00,0.00,0.00,0.00,0.00,0.00,0.00,0.00,0.00,0.00,0.00,0.00,0.00
02/07/2017,"LAD","Maldonado F",0.00,0.00,0.00,0.00,.00,.00,.00,0.00,0.00,0.00,0.00,0.00,0.00,0.00,0.00,0.00,0.00,0.00,0.00,0.00,0.00,0.00,0.00
02/07/2017,"LAD","Cabrera R",0.00,0.00,0.00,0.00,.00,.00,.00,0.00,0.00,0.00,0.00,0.00,0.00,0.00,0.00,0.00,0.00,0.00,0.00,0.00,0.00,0.00,0.00
