02/07/2017,"LAD","Long Ricky D",0.00,0.00,0.00,0.00,.00,.00,.00,0.00,0.00,0.00,0.00,0.00,0.00,0.00,0.00,0.00,0.00,0.00,0.00,0.00,0.00,0.00,0.00
02/07/2017,"LAD","Ladner Edwin",0.00,0.00,0.00,0.00,.00,.00,.00,0.00,0.00,0.00,0.00,0.00,0.00,0.00,0.00,0.00,0.00,0.00,0.00,0.00,0.00,0.00,0.00
02/07/2017,"LAD","Rodriguez Raul",0.00,0.00,0.00,0.00,.00,.00,.00,0.00,0.00,0.00,0.00,0.00,0.00,0.00,0.00,0.00,0.00,0.00,0.00,0.00,0.00,0.00,0.00
02/07/2017,"LAD","Solis-Guevara Ismael",0.00,0.00,0.00,0.00,.00,.00,.00,0.00,0.00,0.00,0.00,0.00,0.00,0.00,0.00,0.00,0.00,0.00,0.00,0.00,0.00,0.00,0.00
02/07/2017,"LAD","Goutierrez III Ned E",0.00,0.00,0.00,0.00,.00,.00,.00,0.00,0.00,0.00,0.00,0.00,0.00,0.00,0.00,0.00,0.00,0.00,0.00,0.00,0.00,0.00,0.00
02/07/2017,"LAD","Rubin Donald",0.00,0.00,0.00,0.00,.00,.00,.00,0.00,0.00,0.00,0.00,0.00,0.00,0.00,0.00,0.00,0.00,0.00,0.00,0.00,0.00,0.00,0.00
02/07/2017,"LAD","Francis Alvin Jr",0.00,0.00,0.00,0.00,.00,.00,.00,0.00,0.00,0.00,0.00,0.00,0.00,0.00,0.00,0.00,0.00,0.00,0.00,0.00,0.00,0.00,0.00
02/07/2017,"LAD","Moore Lance R",0.00,0.00,0.00,0.00,.00,.00,.00,0.00,0.00,0.00,0.00,0.00,0.00,0.00,0.00,0.00,0.00,0.00,0.00,0.00,0.00,0.00,0.00
02/07/2017,"LAD","Hernandez Erasmo",0.00,0.00,0.00,0.00,.00,.00,.00,0.00,0.00,0.00,0.00,0.00,0.00,0.00,0.00,0.00,0.00,0.00,0.00,0.00,0.00,0.00,0.00
02/07/2017,"LAD","Stroud Brian",0.00,0.00,0.00,0.00,.00,.00,.00,0.00,0.00,0.00,0.00,0.00,0.00,0.00,0.00,0.00,0.00,0.00,0.00,0.00,0.00,0.00,0.00
02/07/2017,"LAD","Haywood Vann",0.00,0.00,0.00,0.00,.00,.00,.00,0.00,0.00,0.00,0.00,0.00,0.00,0.00,0.00,0.00,0.00,0.00,0.00,0.00,0.00,0.00,0.00
02/07/2017,"LAD","Weeks Kenneth",0.00,0.00,0.00,0.00,.00,.00,.00,0.00,0.00,0.00,0.00,0.00,0.00,0.00,0.00,0.00,0.00,0.00,0.00,0.00,0.00,0.00,0.00
02/07/2017,"LAD","Flores Isidro",0.00,0.00,0.00,0.00,.00,.00,.00,0.00,0.00,0.00,0.00,0.00,0.00,0.00,0.00,0.00,0.00,0.00,0.00,0.00,0.00,0.00,0.00
02/07/2017,"LAD","Mejia Jacobo",0.00,0.00,0.00,0.00,.00,.00,.00,0.00,0.00,0.00,0.00,0.00,0.00,0.00,0.00,0.00,0.00,0.00,0.00,0.00,0.00,0.00,0.00
02/07/2017,"LAD","Arey Anthony",0.00,0.00,0.00,0.00,.00,.00,.00,0.00,0.00,0.00,0.00,0.00,0.00,0.00,0.00,0.00,0.00,0.00,0.00,0.00,0.00,0.00,0.00
02/07/2017,"LAD","Saldivar Carlos",0.00,0.00,0.00,0.00,.00,.00,.00,0.00,0.00,0.00,0.00,0.00,0.00,0.00,0.00,0.00,0.00,0.00,0.00,0.00,0.00,0.00,0.00
02/07/2017,"LAD","Abreu Yoani",0.00,0.00,0.00,0.00,.00,.00,.00,0.00,0.00,0.00,0.00,0.00,0.00,0.00,0.00,0.00,0.00,0.00,0.00,0.00,0.00,0.00,0.00
02/07/2017,"LAD","Broussard Kevin",0.00,0.00,0.00,0.00,.00,.00,.00,0.00,0.00,0.00,0.00,0.00,0.00,0.00,0.00,0.00,0.00,0.00,0.00,0.00,0.00,0.00,0.00
02/07/2017,"LAD","Fontenot Curley E",0.00,0.00,0.00,0.00,.00,.00,.00,0.00,0.00,0.00,0.00,0.00,0.00,0.00,0.00,0.00,0.00,0.00,0.00,0.00,0.00,0.00,0.00
02/07/2017,"LAD","Ramirez Saul Jr",0.00,0.00,0.00,0.00,.00,.00,.00,0.00,0.00,0.00,0.00,0.00,0.00,0.00,0.00,0.00,0.00,0.00,0.00,0.00,0.00,0.00,0.00
02/07/2017,"LAD","Langford Mark",0.00,0.00,0.00,0.00,.00,.00,.00,0.00,0.00,0.00,0.00,0.00,0.00,0.00,0.00,0.00,0.00,0.00,0.00,0.00,0.00,0.00,0.00
02/07/2017,"LAD","Mason Gary S",0.00,0.00,0.00,0.00,.00,.00,.00,0.00,0.00,0.00,0.00,0.00,0.00,0.00,0.00,0.00,0.00,0.00,0.00,0.00,0.00,0.00,0.00
02/07/2017,"LAD","Roberts Kenneth L",0.00,0.00,0.00,0.00,.00,.00,.00,0.00,0.00,0.00,0.00,0.00,0.00,0.00,0.00,0.00,0.00,0.00,0.00,0.00,0.00,0.00,0.00
02/07/2017,"LAD","Orozco Orlando",0.00,0.00,0.00,0.00,.00,.00,.00,0.00,0.00,0.00,0.00,0.00,0.00,0.00,0.00,0.00,0.00,0.00,0.00,0.00,0.00,0.00,0.00
02/07/2017,"LAD","Trejo Martin",0.00,0.00,0.00,0.00,.00,.00,.00,0.00,0.00,0.00,0.00,0.00,0.00,0.00,0.00,0.00,0.00,0.00,0.00,0.00,0.00,0.00,0.00
02/07/2017,"LAD","Keith Lanny",0.00,0.00,0.00,0.00,.00,.00,.00,0.00,0.00,0.00,0.00,0.00,0.00,0.00,0.00,0.00,0.00,0.00,0.00,0.00,0.00,0.00,0.00
02/07/2017,"LAD","Celestino Elseo",0.00,0.00,0.00,0.00,.00,.00,.00,0.00,0.00,0.00,0.00,0.00,0.00,0.00,0.00,0.00,0.00,0.00,0.00,0.00,0.00,0.00,0.00
02/07/2017,"LAD","Cuevas Dealus Wayne",0.00,0.00,0.00,0.00,.00,.00,.00,0.00,0.00,0.00,0.00,0.00,0.00,0.00,0.00,0.00,0.00,0.00,0.00,0.00,0.00,0.00,0.00
02/07/2017,"LAD","Martinez Jose",0.00,0.00,0.00,0.00,.00,.00,.00,0.00,0.00,0.00,0.00,0.00,0.00,0.00,0.00,0.00,0.00,0.00,0.00,0.00,0.00,0.00,0.00
02/07/2017,"LAD","Dehart Justin",0.00,0.00,0.00,0.00,.00,.00,.00,0.00,0.00,0.00,0.00,0.00,0.00,0.00,0.00,0.00,0.00,0.00,0.00,0.00,0.00,0.00,0.00
02/07/2017,"LAD","Dominic Samuel V Jr",0.00,0.00,0.00,0.00,.00,.00,.00,0.00,0.00,0.00,0.00,0.00,0.00,0.00,0.00,0.00,0.00,0.00,0.00,0.00,0.00,0.00,0.00
02/07/2017,"LAD","Foster Brenda",0.00,0.00,0.00,0.00,.00,.00,.00,0.00,0.00,0.00,0.00,0.00,0.00,0.00,0.00,0.00,0.00,0.00,0.00,0.00,0.00,0.00,0.00
02/07/2017,"LAD","Huitron Josue",0.00,0.00,0.00,0.00,.00,.00,.00,0.00,0.00,0.00,0.00,0.00,0.00,0.00,0.00,0.00,0.00,0.00,0.00,0.00,0.00,0.00,0.00
02/07/2017,"LAD","Stinebaugh John A",0.00,0.00,0.00,0.00,.00,.00,.00,0.00,0.00,0.00,0.00,0.00,0.00,0.00,0.00,0.00,0.00,0.00,0.00,0.00,0.00,0.00,0.00
02/07/2017,"LAD","Vincent Jarvis",0.00,0.00,0.00,0.00,.00,.00,.00,0.00,0.00,0.00,0.00,0.00,0.00,0.00,0.00,0.00,0.00,0.00,0.00,0.00,0.00,0.00,0.00
02/07/2017,"LAD","Rodriguez Miguel",0.00,0.00,0.00,0.00,.00,.00,.00,0.00,0.00,0.00,0.00,0.00,0.00,0.00,0.00,0.00,0.00,0.00,0.00,0.00,0.00,0.00,0.00
02/07/2017,"LAD","Madrigal Roberto G",0.00,0.00,0.00,0.00,.00,.00,.00,0.00,0.00,0.00,0.00,0.00,0.00,0.00,0.00,0.00,0.00,0.00,0.00,0.00,0.00,0.00,0.00
