02/07/2017,"MVR","Gorham Robert M",40.00,12.00,4.00,6.00,30.00,55.00,8.35,9.00,30.00,3.00,10.00,0.00,0.00,12.00,40.00,10.00,26.00,2.00,14.00,11.00,32.00,3.00,13.00
02/07/2017,"MVR","Radosevich Jeffrey A",50.00,9.00,7.00,10.00,18.00,52.00,9.02,5.00,36.00,4.00,14.00,0.00,0.00,9.00,50.00,8.00,44.00,1.00,6.00,6.00,38.00,3.00,16.00
02/07/2017,"MVR","Sullivan Elliot",31.00,8.00,6.00,6.00,25.81,64.52,7.45,6.00,23.00,2.00,8.00,0.00,0.00,8.00,31.00,8.00,31.00,0.00,0.00,6.00,26.00,2.00,8.00
02/07/2017,"MVR","Bernardini Jay P",39.00,7.00,9.00,5.00,17.95,53.85,11.89,7.00,32.00,0.00,7.00,0.00,0.00,7.00,39.00,5.00,28.00,2.00,11.00,5.00,31.00,1.00,11.00
02/07/2017,"MVR","Zielinski Richard",33.00,7.00,5.00,5.00,21.21,51.52,6.89,5.00,22.00,2.00,11.00,0.00,0.00,7.00,33.00,6.00,27.00,1.00,6.00,3.00,26.00,1.00,11.00
02/07/2017,"MVR","Clouston Edward",25.00,5.00,5.00,2.00,20.00,48.00,6.28,2.00,14.00,3.00,11.00,0.00,0.00,5.00,25.00,5.00,25.00,0.00,0.00,5.00,20.00,4.00,10.00
02/07/2017,"MVR","Hamm Timothy",29.00,4.00,2.00,4.00,13.79,34.48,13.75,3.00,25.00,1.00,4.00,0.00,0.00,4.00,29.00,2.00,23.00,2.00,6.00,3.00,23.00,1.00,7.00
02/07/2017,"MVR","Welsh Gary R",19.00,4.00,3.00,2.00,21.05,47.37,8.35,4.00,16.00,0.00,3.00,0.00,0.00,4.00,19.00,3.00,17.00,1.00,2.00,3.00,16.00,0.00,5.00
02/07/2017,"MVR","Kopp Glenn",18.00,4.00,1.00,2.00,22.22,38.89,4.80,3.00,10.00,1.00,8.00,0.00,0.00,4.00,18.00,4.00,17.00,0.00,1.00,4.00,15.00,0.00,4.00
02/07/2017,"MVR","Torres Pablo R",17.00,4.00,0.00,1.00,23.53,29.41,16.35,2.00,12.00,2.00,5.00,0.00,0.00,4.00,17.00,4.00,17.00,0.00,0.00,4.00,16.00,1.00,2.00
02/07/2017,"MVR","Inirio Olivo",35.00,3.00,4.00,3.00,8.57,28.57,8.13,1.00,20.00,2.00,15.00,0.00,0.00,3.00,35.00,2.00,33.00,1.00,2.00,3.00,28.00,1.00,7.00
02/07/2017,"MVR","Meyers Shane",16.00,3.00,1.00,4.00,18.75,50.00,12.27,1.00,10.00,2.00,6.00,0.00,0.00,3.00,16.00,3.00,13.00,0.00,3.00,3.00,15.00,1.00,4.00
02/07/2017,"MVR","Baird John W",13.00,3.00,0.00,0.00,23.08,23.08,5.73,1.00,11.00,2.00,2.00,0.00,0.00,3.00,13.00,3.00,11.00,0.00,2.00,1.00,7.00,0.00,1.00
02/07/2017,"MVR","Grace Michael",7.00,3.00,1.00,0.00,42.86,57.14,55.67,0.00,0.00,3.00,7.00,0.00,0.00,3.00,7.00,3.00,6.00,0.00,1.00,2.00,5.00,1.00,1.00
02/07/2017,"MVR","Poole Joe M",25.00,2.00,8.00,5.00,8.00,60.00,4.10,1.00,20.00,1.00,5.00,0.00,0.00,2.00,25.00,2.00,22.00,0.00,3.00,2.00,20.00,2.00,9.00
02/07/2017,"MVR","Sweeting Craig",12.00,2.00,2.00,0.00,16.67,33.33,7.40,2.00,10.00,0.00,2.00,0.00,0.00,2.00,12.00,2.00,12.00,0.00,0.00,2.00,10.00,0.00,1.00
02/07/2017,"MVR","Castaneda Marco",8.00,2.00,0.00,0.00,25.00,25.00,4.10,2.00,8.00,0.00,0.00,0.00,0.00,2.00,8.00,2.00,6.00,0.00,2.00,1.00,5.00,1.00,3.00
02/07/2017,"MVR","Londono Odin J Jr",8.00,2.00,2.00,0.00,25.00,50.00,13.10,1.00,3.00,1.00,5.00,0.00,0.00,2.00,8.00,1.00,6.00,1.00,2.00,2.00,6.00,1.00,3.00
02/07/2017,"MVR","West Aaron M",7.00,2.00,1.00,0.00,28.57,42.86,8.50,1.00,2.00,1.00,5.00,0.00,0.00,2.00,7.00,2.00,7.00,0.00,0.00,2.00,7.00,0.00,1.00
02/07/2017,"MVR","Davidovich Jamen",3.00,2.00,0.00,0.00,66.67,66.67,7.70,1.00,2.00,1.00,1.00,0.00,0.00,2.00,3.00,1.00,1.00,1.00,2.00,2.00,3.00,0.00,0.00
02/07/2017,"MVR","Gentner Dorothy",2.00,2.00,0.00,0.00,100.00,100.00,20.80,2.00,2.00,0.00,0.00,0.00,0.00,2.00,2.00,0.00,0.00,2.00,2.00,1.00,1.00,0.00,0.00
02/07/2017,"MVR","Moyers Rodney D",47.00,1.00,2.00,3.00,2.13,12.77,4.80,1.00,39.00,0.00,8.00,0.00,0.00,1.00,47.00,1.00,41.00,0.00,6.00,1.00,36.00,1.00,15.00
02/07/2017,"MVR","Spiess Shane M",42.00,1.00,4.00,3.00,2.38,19.05,10.60,1.00,31.00,0.00,11.00,0.00,0.00,1.00,42.00,1.00,40.00,0.00,2.00,0.00,33.00,0.00,8.00
02/07/2017,"MVR","Faulkner Rodney C",32.00,1.00,4.00,7.00,3.13,37.50,8.00,1.00,21.00,0.00,11.00,0.00,0.00,1.00,32.00,1.00,32.00,0.00,0.00,1.00,24.00,1.00,5.00
02/07/2017,"MVR","Vazquez Ivan",22.00,1.00,1.00,1.00,4.55,13.64,10.60,0.00,5.00,1.00,17.00,0.00,0.00,1.00,22.00,1.00,16.00,0.00,6.00,1.00,18.00,0.00,7.00
02/07/2017,"MVR","Crumley Jevon",17.00,1.00,2.00,3.00,5.88,35.29,26.80,0.00,7.00,1.00,10.00,0.00,0.00,1.00,17.00,1.00,14.00,0.00,3.00,1.00,14.00,0.00,6.00
02/07/2017,"MVR","Brown Glenroy",17.00,1.00,2.00,4.00,5.88,41.18,13.40,0.00,11.00,1.00,6.00,0.00,0.00,1.00,17.00,1.00,16.00,0.00,1.00,1.00,14.00,0.00,6.00
02/07/2017,"MVR","Rone Penny",13.00,1.00,3.00,0.00,7.69,30.77,28.40,1.00,13.00,0.00,0.00,0.00,0.00,1.00,13.00,1.00,11.00,0.00,2.00,1.00,10.00,1.00,3.00
02/07/2017,"MVR","Angelle Brent",13.00,1.00,2.00,5.00,7.69,61.54,5.80,0.00,6.00,1.00,7.00,0.00,0.00,1.00,13.00,1.00,10.00,0.00,3.00,1.00,12.00,1.00,5.00
02/07/2017,"MVR","Bailey Ricardo",13.00,1.00,3.00,0.00,7.69,30.77,25.80,1.00,12.00,0.00,1.00,0.00,0.00,1.00,13.00,1.00,8.00,0.00,5.00,1.00,11.00,0.00,6.00
02/07/2017,"MVR","Baird Bart",11.00,1.00,0.00,1.00,9.09,18.18,7.80,1.00,7.00,0.00,4.00,0.00,0.00,1.00,11.00,1.00,11.00,0.00,0.00,1.00,10.00,0.00,0.00
02/07/2017,"MVR","Vickers Richard T",10.00,1.00,1.00,4.00,10.00,60.00,4.80,1.00,10.00,0.00,0.00,0.00,0.00,1.00,10.00,0.00,6.00,1.00,4.00,0.00,9.00,0.00,5.00
02/07/2017,"MVR","Vega Sergio",8.00,1.00,1.00,3.00,12.50,62.50,8.00,1.00,8.00,0.00,0.00,0.00,0.00,1.00,8.00,1.00,8.00,0.00,0.00,1.00,6.00,0.00,0.00
02/07/2017,"MVR","Maddox Rachael",10.00,0.00,3.00,0.00,.00,30.00,.00,0.00,6.00,0.00,4.00,0.00,0.00,0.00,10.00,0.00,10.00,0.00,0.00,0.00,8.00,0.00,4.00
02/07/2017,"MVR","Bird Danny",10.00,0.00,0.00,1.00,.00,10.00,.00,0.00,6.00,0.00,4.00,0.00,0.00,0.00,10.00,0.00,10.00,0.00,0.00,0.00,8.00,0.00,1.00
02/07/2017,"MVR","Henry Ortis N",9.00,0.00,0.00,0.00,.00,.00,.00,0.00,6.00,0.00,3.00,0.00,0.00,0.00,9.00,0.00,7.00,0.00,2.00,0.00,7.00,0.00,1.00
02/07/2017,"MVR","Fairman Shawn",9.00,0.00,1.00,0.00,.00,11.11,.00,0.00,8.00,0.00,1.00,0.00,0.00,0.00,9.00,0.00,8.00,0.00,1.00,0.00,5.00,0.00,2.00
02/07/2017,"MVR","Weymes Andrew V",8.00,0.00,1.00,0.00,.00,12.50,.00,0.00,3.00,0.00,5.00,0.00,0.00,0.00,8.00,0.00,8.00,0.00,0.00,0.00,7.00,0.00,2.00
02/07/2017,"MVR","Dodge Albert",7.00,0.00,0.00,0.00,.00,.00,.00,0.00,3.00,0.00,4.00,0.00,0.00,0.00,7.00,0.00,6.00,0.00,1.00,0.00,6.00,0.00,2.00
02/07/2017,"MVR","Evans II Michael",6.00,0.00,0.00,0.00,.00,.00,.00,0.00,6.00,0.00,0.00,0.00,0.00,0.00,6.00,0.00,3.00,0.00,3.00,0.00,6.00,0.00,3.00
02/07/2017,"MVR","Carrillo- Dominguez G",6.00,0.00,0.00,1.00,.00,16.67,.00,0.00,4.00,0.00,2.00,0.00,0.00,0.00,6.00,0.00,6.00,0.00,0.00,0.00,5.00,0.00,2.00
02/07/2017,"MVR","Yoder Lori",4.00,0.00,0.00,1.00,.00,25.00,.00,0.00,4.00,0.00,0.00,0.00,0.00,0.00,4.00,0.00,4.00,0.00,0.00,0.00,3.00,0.00,1.00
02/07/2017,"MVR","Silva Fernando",3.00,0.00,0.00,0.00,.00,.00,.00,0.00,3.00,0.00,0.00,0.00,0.00,0.00,3.00,0.00,3.00,0.00,0.00,0.00,3.00,0.00,1.00
02/07/2017,"MVR","Huffman Candace M",3.00,0.00,0.00,0.00,.00,.00,.00,0.00,3.00,0.00,0.00,0.00,0.00,0.00,3.00,0.00,3.00,0.00,0.00,0.00,2.00,0.00,1.00
02/07/2017,"MVR","Flores Christi",2.00,0.00,0.00,1.00,.00,50.00,.00,0.00,2.00,0.00,0.00,0.00,0.00,0.00,2.00,0.00,2.00,0.00,0.00,0.00,2.00,0.00,0.00
02/07/2017,"MVR","Summerville Kenneth R",2.00,0.00,0.00,0.00,.00,.00,.00,0.00,1.00,0.00,1.00,0.00,0.00,0.00,2.00,0.00,2.00,0.00,0.00,0.00,1.00,0.00,0.00
02/07/2017,"MVR","Reed Eric R",2.00,0.00,1.00,0.00,.00,50.00,.00,0.00,2.00,0.00,0.00,0.00,0.00,0.00,2.00,0.00,2.00,0.00,0.00,0.00,2.00,0.00,1.00
02/07/2017,"MVR","Lucas Ted W",1.00,0.00,0.00,0.00,.00,.00,.00,0.00,1.00,0.00,0.00,0.00,0.00,0.00,1.00,0.00,1.00,0.00,0.00,0.00,0.00,0.00,0.00
02/07/2017,"MVR","Garcia Amalio P",1.00,0.00,1.00,0.00,.00,100.00,.00,0.00,0.00,0.00,1.00,0.00,0.00,0.00,1.00,0.00,0.00,0.00,1.00,0.00,1.00,0.00,0.00
02/07/2017,"MVR","Martin Jeffery L",1.00,0.00,0.00,1.00,.00,100.00,.00,0.00,1.00,0.00,0.00,0.00,0.00,0.00,1.00,0.00,1.00,0.00,0.00,0.00,1.00,0.00,0.00
02/07/2017,"MVR","Bates C L",1.00,0.00,0.00,0.00,.00,.00,.00,0.00,1.00,0.00,0.00,0.00,0.00,0.00,1.00,0.00,1.00,0.00,0.00,0.00,1.00,0.00,1.00
02/07/2017,"MVR","Shirazi Mort",0.00,0.00,0.00,0.00,.00,.00,.00,0.00,0.00,0.00,0.00,0.00,0.00,0.00,0.00,0.00,0.00,0.00,0.00,0.00,0.00,0.00,0.00
02/07/2017,"MVR","Haynes Ernest M",0.00,0.00,0.00,0.00,.00,.00,.00,0.00,0.00,0.00,0.00,0.00,0.00,0.00,0.00,0.00,0.00,0.00,0.00,0.00,0.00,0.00,0.00
02/07/2017,"MVR","Spicer James T",0.00,0.00,0.00,0.00,.00,.00,.00,0.00,0.00,0.00,0.00,0.00,0.00,0.00,0.00,0.00,0.00,0.00,0.00,0.00,0.00,0.00,0.00
