02/07/2017,"PRX","Zulueta Marcos",21.00,8.00,3.00,2.00,38.10,61.90,5.86,2.00,8.00,6.00,13.00,0.00,0.00,8.00,21.00,6.00,15.00,2.00,6.00,6.00,16.00,1.00,6.00
02/07/2017,"PRX","Vazquez Juan C",33.00,7.00,1.00,9.00,21.21,51.52,12.63,4.00,15.00,3.00,18.00,0.00,0.00,7.00,33.00,6.00,27.00,1.00,6.00,6.00,29.00,4.00,15.00
02/07/2017,"PRX","Lake Scott A",31.00,6.00,2.00,5.00,19.35,41.94,16.40,2.00,16.00,4.00,15.00,0.00,0.00,6.00,31.00,6.00,31.00,0.00,0.00,5.00,28.00,4.00,15.00
02/07/2017,"PRX","Pino Michael V",27.00,6.00,1.00,2.00,22.22,33.33,10.97,5.00,20.00,1.00,7.00,0.00,0.00,6.00,27.00,4.00,19.00,2.00,8.00,5.00,23.00,3.00,10.00
02/07/2017,"PRX","Farro Patricia",62.00,5.00,10.00,8.00,8.06,37.10,15.64,3.00,35.00,2.00,27.00,0.00,0.00,5.00,62.00,3.00,52.00,2.00,10.00,3.00,47.00,1.00,21.00
02/07/2017,"PRX","Serey Mario Jr",36.00,5.00,4.00,7.00,13.89,44.44,9.44,4.00,24.00,1.00,12.00,0.00,0.00,5.00,36.00,3.00,29.00,2.00,7.00,3.00,28.00,3.00,9.00
02/07/2017,"PRX","Guerrero Juan Carlos",23.00,4.00,4.00,4.00,17.39,52.17,9.95,0.00,11.00,4.00,12.00,0.00,0.00,4.00,23.00,4.00,20.00,0.00,3.00,4.00,19.00,2.00,7.00
02/07/2017,"PRX","Aristone Philip T",19.00,4.00,6.00,1.00,21.05,57.89,18.50,4.00,13.00,0.00,6.00,0.00,0.00,4.00,19.00,4.00,18.00,0.00,1.00,3.00,15.00,2.00,6.00
02/07/2017,"PRX","Ness Jamie",16.00,4.00,7.00,1.00,25.00,75.00,7.35,1.00,8.00,3.00,8.00,0.00,0.00,4.00,16.00,3.00,12.00,1.00,4.00,2.00,12.00,1.00,6.00
02/07/2017,"PRX","Milian Carlos J",10.00,4.00,1.00,3.00,40.00,80.00,13.10,3.00,9.00,1.00,1.00,0.00,0.00,4.00,10.00,4.00,10.00,0.00,0.00,4.00,10.00,1.00,4.00
02/07/2017,"PRX","DeMasi Kathleen A",12.00,3.00,0.00,1.00,25.00,33.33,29.33,1.00,6.00,2.00,6.00,0.00,0.00,3.00,12.00,3.00,10.00,0.00,2.00,2.00,11.00,1.00,4.00
02/07/2017,"PRX","Preciado Guadalupe",14.00,2.00,2.00,2.00,14.29,42.86,10.90,2.00,10.00,0.00,4.00,0.00,0.00,2.00,14.00,2.00,12.00,0.00,2.00,1.00,12.00,0.00,6.00
02/07/2017,"PRX","Dotolo David",12.00,2.00,1.00,0.00,16.67,25.00,72.30,2.00,6.00,0.00,6.00,0.00,0.00,2.00,12.00,2.00,12.00,0.00,0.00,2.00,12.00,1.00,5.00
02/07/2017,"PRX","Ryerson James T",7.00,2.00,0.00,1.00,28.57,42.86,8.40,1.00,4.00,1.00,3.00,0.00,0.00,2.00,7.00,2.00,6.00,0.00,1.00,2.00,6.00,0.00,1.00
02/07/2017,"PRX","Wyner Harold",15.00,1.00,1.00,3.00,6.67,33.33,29.20,0.00,9.00,1.00,6.00,0.00,0.00,1.00,15.00,1.00,15.00,0.00,0.00,1.00,14.00,0.00,4.00
02/07/2017,"PRX","Moore Michael M",15.00,1.00,1.00,1.00,6.67,20.00,6.80,0.00,12.00,1.00,3.00,0.00,0.00,1.00,15.00,1.00,12.00,0.00,3.00,0.00,13.00,0.00,8.00
02/07/2017,"PRX","Brown Howard R Jr",13.00,1.00,0.00,4.00,7.69,38.46,5.40,1.00,6.00,0.00,7.00,0.00,0.00,1.00,13.00,1.00,11.00,0.00,2.00,1.00,11.00,1.00,3.00
02/07/2017,"PRX","Kantarmaci Mertkan",13.00,1.00,2.00,1.00,7.69,30.77,31.00,1.00,8.00,0.00,5.00,0.00,0.00,1.00,13.00,1.00,11.00,0.00,2.00,1.00,11.00,0.00,2.00
02/07/2017,"PRX","Aro Michael C",12.00,1.00,2.00,1.00,8.33,33.33,14.00,0.00,6.00,1.00,6.00,0.00,0.00,1.00,12.00,1.00,9.00,0.00,3.00,1.00,10.00,0.00,2.00
02/07/2017,"PRX","Whylie Herold O",12.00,1.00,0.00,1.00,8.33,16.67,29.80,1.00,9.00,0.00,3.00,0.00,0.00,1.00,12.00,1.00,9.00,0.00,3.00,1.00,11.00,1.00,6.00
02/07/2017,"PRX","Curry Dee",8.00,1.00,1.00,2.00,12.50,50.00,9.20,0.00,2.00,1.00,6.00,0.00,0.00,1.00,8.00,1.00,8.00,0.00,0.00,1.00,7.00,1.00,4.00
02/07/2017,"PRX","Dandy Ronald J",6.00,1.00,0.00,0.00,16.67,16.67,9.80,0.00,4.00,1.00,2.00,0.00,0.00,1.00,6.00,1.00,5.00,0.00,1.00,1.00,6.00,0.00,3.00
02/07/2017,"PRX","McCaslin John S",5.00,1.00,0.00,0.00,20.00,20.00,72.80,1.00,3.00,0.00,2.00,0.00,0.00,1.00,5.00,1.00,2.00,0.00,3.00,1.00,5.00,1.00,1.00
02/07/2017,"PRX","Jacobson David",2.00,1.00,0.00,0.00,50.00,50.00,7.20,0.00,1.00,1.00,1.00,0.00,0.00,1.00,2.00,1.00,1.00,0.00,1.00,1.00,2.00,0.00,1.00
02/07/2017,"PRX","Noble James F",2.00,1.00,0.00,1.00,50.00,100.00,4.80,1.00,2.00,0.00,0.00,0.00,0.00,1.00,2.00,1.00,2.00,0.00,0.00,1.00,2.00,0.00,1.00
02/07/2017,"PRX","Sciacca Gary",2.00,1.00,0.00,0.00,50.00,50.00,3.80,0.00,0.00,1.00,2.00,0.00,0.00,1.00,2.00,0.00,1.00,1.00,1.00,1.00,2.00,0.00,1.00
02/07/2017,"PRX","Guerrero J Guadalupe",17.00,0.00,0.00,0.00,.00,.00,.00,0.00,6.00,0.00,11.00,0.00,0.00,0.00,17.00,0.00,16.00,0.00,1.00,0.00,12.00,0.00,3.00
02/07/2017,"PRX","Pessanha Ney",9.00,0.00,1.00,1.00,.00,22.22,.00,0.00,4.00,0.00,5.00,0.00,0.00,0.00,9.00,0.00,9.00,0.00,0.00,0.00,8.00,0.00,1.00
02/07/2017,"PRX","Riviezzo Ralph R",9.00,0.00,2.00,1.00,.00,33.33,.00,0.00,7.00,0.00,2.00,0.00,0.00,0.00,9.00,0.00,9.00,0.00,0.00,0.00,6.00,0.00,2.00
02/07/2017,"PRX","Pinkney Dave",8.00,0.00,2.00,3.00,.00,62.50,.00,0.00,4.00,0.00,4.00,0.00,0.00,0.00,8.00,0.00,8.00,0.00,0.00,0.00,5.00,0.00,0.00
02/07/2017,"PRX","Rodriguez John M",8.00,0.00,2.00,1.00,.00,37.50,.00,0.00,8.00,0.00,0.00,0.00,0.00,0.00,8.00,0.00,5.00,0.00,3.00,0.00,5.00,0.00,3.00
02/07/2017,"PRX","Lima Rolando J",8.00,0.00,3.00,0.00,.00,37.50,.00,0.00,4.00,0.00,4.00,0.00,0.00,0.00,8.00,0.00,7.00,0.00,1.00,0.00,7.00,0.00,1.00
02/07/2017,"PRX","Serey Juan",8.00,0.00,0.00,0.00,.00,.00,.00,0.00,6.00,0.00,2.00,0.00,0.00,0.00,8.00,0.00,8.00,0.00,0.00,0.00,8.00,0.00,2.00
02/07/2017,"PRX","Vera Miguel",6.00,0.00,0.00,1.00,.00,16.67,.00,0.00,3.00,0.00,3.00,0.00,0.00,0.00,6.00,0.00,5.00,0.00,1.00,0.00,5.00,0.00,2.00
02/07/2017,"PRX","Nicholson James E Jr",6.00,0.00,0.00,0.00,.00,.00,.00,0.00,1.00,0.00,5.00,0.00,0.00,0.00,6.00,0.00,6.00,0.00,0.00,0.00,6.00,0.00,2.00
02/07/2017,"PRX","Chacon Gustavo",6.00,0.00,0.00,1.00,.00,16.67,.00,0.00,2.00,0.00,4.00,0.00,0.00,0.00,6.00,0.00,6.00,0.00,0.00,0.00,6.00,0.00,3.00
02/07/2017,"PRX","Polachek Janet",5.00,0.00,1.00,0.00,.00,20.00,.00,0.00,4.00,0.00,1.00,0.00,0.00,0.00,5.00,0.00,3.00,0.00,2.00,0.00,5.00,0.00,3.00
02/07/2017,"PRX","Pattershall Mary A",5.00,0.00,0.00,1.00,.00,20.00,.00,0.00,1.00,0.00,4.00,0.00,0.00,0.00,5.00,0.00,5.00,0.00,0.00,0.00,5.00,0.00,1.00
02/07/2017,"PRX","Sacco Gregory D",4.00,0.00,0.00,0.00,.00,.00,.00,0.00,3.00,0.00,1.00,0.00,0.00,0.00,4.00,0.00,3.00,0.00,1.00,0.00,4.00,0.00,2.00
02/07/2017,"PRX","Houghton Roy D",4.00,0.00,0.00,0.00,.00,.00,.00,0.00,1.00,0.00,3.00,0.00,0.00,0.00,4.00,0.00,4.00,0.00,0.00,0.00,3.00,0.00,2.00
02/07/2017,"PRX","Wilson Brenda",4.00,0.00,1.00,0.00,.00,25.00,.00,0.00,2.00,0.00,2.00,0.00,0.00,0.00,4.00,0.00,4.00,0.00,0.00,0.00,4.00,0.00,3.00
02/07/2017,"PRX","Tracy Ray E Jr",4.00,0.00,0.00,0.00,.00,.00,.00,0.00,2.00,0.00,2.00,0.00,0.00,0.00,4.00,0.00,4.00,0.00,0.00,0.00,4.00,0.00,0.00
02/07/2017,"PRX","Velazquez Daniel",3.00,0.00,1.00,0.00,.00,33.33,.00,0.00,1.00,0.00,2.00,0.00,0.00,0.00,3.00,0.00,3.00,0.00,0.00,0.00,3.00,0.00,2.00
02/07/2017,"PRX","Vega Richard",3.00,0.00,1.00,0.00,.00,33.33,.00,0.00,2.00,0.00,1.00,0.00,0.00,0.00,3.00,0.00,3.00,0.00,0.00,0.00,2.00,0.00,1.00
02/07/2017,"PRX","Martinez Alexander",2.00,0.00,1.00,0.00,.00,50.00,.00,0.00,2.00,0.00,0.00,0.00,0.00,0.00,2.00,0.00,1.00,0.00,1.00,0.00,2.00,0.00,0.00
02/07/2017,"PRX","Carvajal Luis Jr",2.00,0.00,0.00,0.00,.00,.00,.00,0.00,1.00,0.00,1.00,0.00,0.00,0.00,2.00,0.00,2.00,0.00,0.00,0.00,2.00,0.00,2.00
02/07/2017,"PRX","Dunham Bernard G",1.00,0.00,0.00,0.00,.00,.00,.00,0.00,1.00,0.00,0.00,0.00,0.00,0.00,1.00,0.00,1.00,0.00,0.00,0.00,1.00,0.00,1.00
02/07/2017,"PRX","Arroyo Enrique",1.00,0.00,0.00,0.00,.00,.00,.00,0.00,1.00,0.00,0.00,0.00,0.00,0.00,1.00,0.00,1.00,0.00,0.00,0.00,1.00,0.00,1.00
02/07/2017,"PRX","Rodriguez Rudy R",1.00,0.00,0.00,0.00,.00,.00,.00,0.00,0.00,0.00,1.00,0.00,0.00,0.00,1.00,0.00,1.00,0.00,0.00,0.00,1.00,0.00,1.00
02/07/2017,"PRX","Mann Farrel",1.00,0.00,0.00,0.00,.00,.00,.00,0.00,1.00,0.00,0.00,0.00,0.00,0.00,1.00,0.00,1.00,0.00,0.00,0.00,1.00,0.00,0.00
02/07/2017,"PRX","Maker Michael J",0.00,0.00,0.00,0.00,.00,.00,.00,0.00,0.00,0.00,0.00,0.00,0.00,0.00,0.00,0.00,0.00,0.00,0.00,0.00,0.00,0.00,0.00
02/07/2017,"PRX","Contessa Gary C",0.00,0.00,0.00,0.00,.00,.00,.00,0.00,0.00,0.00,0.00,0.00,0.00,0.00,0.00,0.00,0.00,0.00,0.00,0.00,0.00,0.00,0.00
02/07/2017,"PRX","Dilodovico Damon R",0.00,0.00,0.00,0.00,.00,.00,.00,0.00,0.00,0.00,0.00,0.00,0.00,0.00,0.00,0.00,0.00,0.00,0.00,0.00,0.00,0.00,0.00
02/07/2017,"PRX","Ashby Lynn",0.00,0.00,0.00,0.00,.00,.00,.00,0.00,0.00,0.00,0.00,0.00,0.00,0.00,0.00,0.00,0.00,0.00,0.00,0.00,0.00,0.00,0.00
