02/07/2017,"TUP","Diodoro Robertino",209.00,60.00,31.00,23.00,28.71,54.55,5.40,47.00,152.00,13.00,57.00,17.00,65.00,43.00,144.00,50.00,155.00,10.00,54.00,17.00,61.00,9.00,22.00
02/07/2017,"TUP","Rushton Stetson",151.00,14.00,8.00,24.00,9.27,30.46,13.61,7.00,103.00,7.00,48.00,7.00,43.00,7.00,108.00,13.00,131.00,1.00,20.00,3.00,30.00,1.00,15.00
02/07/2017,"TUP","Metz Jeff",61.00,14.00,13.00,6.00,22.95,54.10,7.59,14.00,54.00,0.00,7.00,2.00,14.00,12.00,47.00,10.00,42.00,4.00,19.00,3.00,24.00,1.00,10.00
02/07/2017,"TUP","Silva Jose L",53.00,12.00,11.00,7.00,22.64,56.60,6.97,8.00,39.00,4.00,14.00,1.00,11.00,11.00,42.00,10.00,46.00,2.00,7.00,4.00,14.00,1.00,4.00
02/07/2017,"TUP","Toye Joe",93.00,11.00,13.00,13.00,11.83,39.78,6.04,9.00,59.00,2.00,34.00,2.00,30.00,9.00,63.00,10.00,85.00,1.00,8.00,7.00,27.00,3.00,9.00
02/07/2017,"TUP","Ortiz Manuel",44.00,11.00,5.00,3.00,25.00,43.18,11.40,4.00,23.00,7.00,21.00,4.00,15.00,7.00,29.00,9.00,34.00,2.00,10.00,4.00,11.00,2.00,6.00
02/07/2017,"TUP","Eikleberry Kevin",45.00,8.00,4.00,6.00,17.78,40.00,7.20,6.00,35.00,2.00,10.00,3.00,17.00,5.00,28.00,2.00,22.00,6.00,23.00,2.00,9.00,0.00,0.00
02/07/2017,"TUP","McFarlane Dan L",62.00,7.00,8.00,10.00,11.29,40.32,8.23,6.00,38.00,1.00,24.00,2.00,27.00,5.00,35.00,3.00,35.00,4.00,27.00,2.00,19.00,2.00,7.00
02/07/2017,"TUP","Frazier F C",29.00,7.00,5.00,6.00,24.14,62.07,6.63,5.00,23.00,2.00,6.00,2.00,9.00,5.00,20.00,3.00,18.00,4.00,11.00,0.00,7.00,0.00,2.00
02/07/2017,"TUP","Silva Juan Pablo",40.00,6.00,6.00,7.00,15.00,47.50,15.47,3.00,26.00,3.00,14.00,0.00,3.00,6.00,37.00,6.00,37.00,0.00,3.00,2.00,13.00,0.00,2.00
02/07/2017,"TUP","Sepich Edward F Jr",31.00,6.00,2.00,7.00,19.35,48.39,11.13,3.00,20.00,3.00,11.00,1.00,11.00,5.00,20.00,4.00,22.00,2.00,9.00,1.00,9.00,1.00,4.00
02/07/2017,"TUP","Treasure Paul",39.00,5.00,1.00,7.00,12.82,33.33,10.95,5.00,31.00,0.00,8.00,1.00,7.00,4.00,32.00,5.00,33.00,0.00,6.00,0.00,11.00,0.00,5.00
02/07/2017,"TUP","Fulmer Drew",56.00,4.00,1.00,8.00,7.14,23.21,17.70,4.00,46.00,0.00,10.00,0.00,5.00,4.00,51.00,4.00,56.00,0.00,0.00,1.00,16.00,0.00,3.00
02/07/2017,"TUP","Hartman Stan",42.00,4.00,7.00,5.00,9.52,38.10,5.60,4.00,37.00,0.00,5.00,0.00,5.00,4.00,37.00,2.00,36.00,2.00,6.00,1.00,12.00,1.00,3.00
02/07/2017,"TUP","Kauffmann Paul",24.00,4.00,7.00,2.00,16.67,54.17,10.20,4.00,21.00,0.00,3.00,0.00,2.00,4.00,22.00,3.00,21.00,1.00,3.00,2.00,9.00,1.00,3.00
02/07/2017,"TUP","Morgan Dan",14.00,4.00,1.00,0.00,28.57,35.71,8.75,3.00,10.00,1.00,4.00,0.00,2.00,4.00,12.00,3.00,13.00,1.00,1.00,1.00,6.00,0.00,2.00
02/07/2017,"TUP","Gutierrez Juan Q",50.00,3.00,8.00,2.00,6.00,26.00,8.40,3.00,39.00,0.00,11.00,1.00,12.00,2.00,38.00,3.00,48.00,0.00,2.00,0.00,11.00,0.00,2.00
02/07/2017,"TUP","O'Brien Debbie",12.00,3.00,0.00,3.00,25.00,50.00,8.07,1.00,7.00,2.00,5.00,1.00,3.00,2.00,9.00,3.00,12.00,0.00,0.00,2.00,4.00,0.00,1.00
02/07/2017,"TUP","Martens Eurico",12.00,3.00,3.00,1.00,25.00,58.33,11.87,0.00,6.00,3.00,6.00,0.00,4.00,3.00,8.00,3.00,8.00,0.00,4.00,2.00,6.00,0.00,3.00
02/07/2017,"TUP","Torres-Casas Alex J",31.00,2.00,4.00,6.00,6.45,38.71,48.50,2.00,20.00,0.00,11.00,0.00,1.00,2.00,30.00,2.00,31.00,0.00,0.00,0.00,14.00,0.00,5.00
02/07/2017,"TUP","Dennison Dan H",21.00,2.00,3.00,7.00,9.52,57.14,8.00,2.00,17.00,0.00,4.00,0.00,2.00,2.00,19.00,2.00,19.00,0.00,2.00,1.00,9.00,0.00,2.00
02/07/2017,"TUP","Jensen Kent",18.00,2.00,2.00,4.00,11.11,44.44,7.50,2.00,13.00,0.00,5.00,0.00,6.00,2.00,12.00,1.00,7.00,1.00,11.00,0.00,7.00,0.00,2.00
02/07/2017,"TUP","Odom Raymond Sr",13.00,2.00,3.00,0.00,15.38,38.46,21.00,2.00,11.00,0.00,2.00,0.00,2.00,2.00,11.00,2.00,9.00,0.00,4.00,1.00,6.00,1.00,2.00
02/07/2017,"TUP","Dales Robert",9.00,2.00,1.00,0.00,22.22,33.33,3.70,1.00,6.00,1.00,3.00,0.00,1.00,2.00,8.00,2.00,8.00,0.00,1.00,1.00,3.00,0.00,0.00
02/07/2017,"TUP","Marquez Jose L",41.00,1.00,3.00,3.00,2.44,17.07,3.80,1.00,31.00,0.00,10.00,0.00,3.00,1.00,38.00,1.00,39.00,0.00,2.00,0.00,12.00,0.00,4.00
02/07/2017,"TUP","Gale Bryce",29.00,1.00,1.00,5.00,3.45,24.14,4.60,1.00,19.00,0.00,10.00,0.00,1.00,1.00,28.00,1.00,29.00,0.00,0.00,1.00,8.00,0.00,1.00
02/07/2017,"TUP","Schnell Don",24.00,1.00,7.00,4.00,4.17,50.00,4.20,0.00,21.00,1.00,3.00,0.00,5.00,1.00,19.00,1.00,12.00,0.00,12.00,0.00,1.00,0.00,0.00
02/07/2017,"TUP","Figueroa Manny",22.00,1.00,0.00,3.00,4.55,18.18,23.40,1.00,19.00,0.00,3.00,0.00,3.00,1.00,19.00,1.00,21.00,0.00,1.00,1.00,8.00,1.00,4.00
02/07/2017,"TUP","Rushton Kim",20.00,1.00,0.00,1.00,5.00,10.00,49.80,1.00,13.00,0.00,7.00,0.00,3.00,1.00,17.00,1.00,20.00,0.00,0.00,1.00,8.00,0.00,2.00
02/07/2017,"TUP","Ferguson Chad",10.00,1.00,0.00,1.00,10.00,20.00,5.80,1.00,10.00,0.00,0.00,0.00,0.00,1.00,10.00,1.00,9.00,0.00,1.00,0.00,4.00,0.00,1.00
02/07/2017,"TUP","Oliver Kim A",8.00,1.00,0.00,1.00,12.50,25.00,28.60,1.00,7.00,0.00,1.00,0.00,1.00,1.00,7.00,1.00,5.00,0.00,3.00,1.00,5.00,0.00,2.00
02/07/2017,"TUP","Salazar Michelle",46.00,0.00,2.00,1.00,.00,6.52,.00,0.00,35.00,0.00,11.00,0.00,6.00,0.00,40.00,0.00,45.00,0.00,1.00,0.00,12.00,0.00,3.00
02/07/2017,"TUP","Perkins Frances",29.00,0.00,0.00,3.00,.00,10.34,.00,0.00,23.00,0.00,6.00,0.00,9.00,0.00,20.00,0.00,29.00,0.00,0.00,0.00,2.00,0.00,1.00
02/07/2017,"TUP","Kumke Myron",24.00,0.00,3.00,6.00,.00,37.50,.00,0.00,14.00,0.00,10.00,0.00,6.00,0.00,18.00,0.00,24.00,0.00,0.00,0.00,6.00,0.00,1.00
02/07/2017,"TUP","Parker Linda",17.00,0.00,2.00,2.00,.00,23.53,.00,0.00,14.00,0.00,3.00,0.00,0.00,0.00,17.00,0.00,17.00,0.00,0.00,0.00,9.00,0.00,3.00
02/07/2017,"TUP","Klenakis Tony",12.00,0.00,0.00,0.00,.00,.00,.00,0.00,12.00,0.00,0.00,0.00,0.00,0.00,12.00,0.00,10.00,0.00,2.00,0.00,3.00,0.00,1.00
02/07/2017,"TUP","Kropius Linda",11.00,0.00,1.00,0.00,.00,9.09,.00,0.00,8.00,0.00,3.00,0.00,1.00,0.00,10.00,0.00,10.00,0.00,1.00,0.00,5.00,0.00,0.00
02/07/2017,"TUP","Oberholtzer Kevin",11.00,0.00,1.00,0.00,.00,9.09,.00,0.00,11.00,0.00,0.00,0.00,1.00,0.00,10.00,0.00,11.00,0.00,0.00,0.00,5.00,0.00,1.00
02/07/2017,"TUP","Polito Nancy",10.00,0.00,2.00,1.00,.00,30.00,.00,0.00,8.00,0.00,2.00,0.00,1.00,0.00,9.00,0.00,10.00,0.00,0.00,0.00,3.00,0.00,2.00
02/07/2017,"TUP","Baze Robert",8.00,0.00,2.00,0.00,.00,25.00,.00,0.00,6.00,0.00,2.00,0.00,1.00,0.00,7.00,0.00,7.00,0.00,1.00,0.00,8.00,0.00,3.00
02/07/2017,"TUP","Chappell Ronald M",6.00,0.00,0.00,2.00,.00,33.33,.00,0.00,6.00,0.00,0.00,0.00,0.00,0.00,6.00,0.00,6.00,0.00,0.00,0.00,2.00,0.00,0.00
02/07/2017,"TUP","Calton Janis",6.00,0.00,3.00,0.00,.00,50.00,.00,0.00,3.00,0.00,3.00,0.00,2.00,0.00,4.00,0.00,5.00,0.00,1.00,0.00,3.00,0.00,1.00
02/07/2017,"TUP","Guerrero Ubaldo",5.00,0.00,1.00,2.00,.00,60.00,.00,0.00,5.00,0.00,0.00,0.00,0.00,0.00,5.00,0.00,5.00,0.00,0.00,0.00,2.00,0.00,1.00
02/07/2017,"TUP","Pickard Jimmie R",4.00,0.00,0.00,0.00,.00,.00,.00,0.00,4.00,0.00,0.00,0.00,0.00,0.00,4.00,0.00,4.00,0.00,0.00,0.00,1.00,0.00,0.00
02/07/2017,"TUP","Houghton Rick",1.00,0.00,0.00,0.00,.00,.00,.00,0.00,1.00,0.00,0.00,0.00,0.00,0.00,1.00,0.00,1.00,0.00,0.00,0.00,1.00,0.00,0.00
02/07/2017,"TUP","Alcoverde Ernesto",0.00,0.00,0.00,0.00,.00,.00,.00,0.00,0.00,0.00,0.00,0.00,0.00,0.00,0.00,0.00,0.00,0.00,0.00,0.00,0.00,0.00,0.00
